41268
120931
225649
120931
806000
225649
225649
225649
225649
76725
76725
76725
76725
31232
93697
51150
59892
59892
65100
100130
124899
70308
63945
153422
29450
32550
29450
16120
40920
7440
10075
46500
23250
27900
18600
4588
46500
46500
46500
7951
7951
7951
5161
7951
5161
9346
5161
8525
12090
8525
8525
5161
12090
12400
11904
12400
37696
67146
96193
77011
93697
37696
59892
32441
12136
12136
67270
11160
22320
22320
22320
33480
32441
24800
55800
39897
11160
7827
12090
7440